0.085235602	1.396910569	5	4
1.581465969	1.307479675	11	4
1.521570681	3.203414634	28	4
0	3.196260163	4	2
1.208272251	3.804390244	12	4
1.897068063	4.879349593	6	2
3.320732984	6.469430894	15	4
2.744816754	6.603577236	7	2
3.119162304	4.104878049	22	4
3.378324607	3.160487805	7	4
4.875706806	1.600813008	6	5
4.656858639	3.389430894	14	1
2.795497382	7.102601626	2	1
4.061361257	7.79300813	7	4
5.830575916	7.760813008	5	4
5.502303665	8.758861789	8	1
6.75895288	8.771382114	16	4
7.526073298	10.0895935	6	1
6.313193717	10.73886179	0	4
5.28921466	8.23300813	6	1
2.863455497	10.7299187	2	1
3.799895288	10.76390244	4	4
4.115497382	11.11268293	5	1
5.460837696	11.50796748	5	5
6.191099476	15.45902439	15	1
6.490575916	14.24634146	29	4
6.212984293	15.43756098	12	4
6.09434555	13.14455285	10	4
5.461989529	13.04439024	9	2
5.699267016	13.04439024	6	2
6.412251309	12.1304065	7	2
8.067434555	11.13593496	11	4
8.412984293	9.354471545	10	1
8.118115183	8.227642276	24	4
9.421989529	8.041626016	15	4
10.74429319	7.710731707	24	1
10.47015707	9.595934959	20	4
9.271099476	9.728292683	18	4
9.303350785	11.44894309	29	1
9.234240838	12.89593496	39	4
7.911937173	13.03186992	18	4
8.127329843	14.93138211	37	1
8.923246073	14.77398374	49	4
9.74104712	16.08146341	21	4
10.89633508	14.86520325	45	4
10.43790576	13.66325203	45	4
10.7339267	12.16081301	49	4
12.24513089	11.57593496	57	4
12.30732984	9.887479675	34	4
12.25895288	7.998699187	45	4
13.47874346	8.01300813	71	4
13.51099476	9.894634146	54	4
13.22534031	11.36487805	61	4
12.32460733	14.63804878	50	4
12.24397906	15.69333333	29	4
13.45109948	15.41430894	17	4
13.70910995	13.78845528	30	4
15.25486911	12.6204878	37	4
14.68125654	15.11382114	21	4
14.80680628	15.99918699	18	4
15.89183246	17.20829268	18	4
16.5	15.5001626	23	3
17.81539267	15.48585366	17	1
14.33109948	7.742926829	65	4
15.08094241	7.760813008	56	4
16.03350785	9.576260163	79	4
17.09780105	9.871382114	62	1
19.08471204	10.8300813	78	1
18.87507853	11.82097561	44	5
18.49958115	13.1499187	28	5
18.03539267	13.58276423	24	4
16.46890052	13.26796748	36	1
16.3295288	11.95512195	35	4
17.3834555	12.40585366	32	5
14.71811518	10.37219512	93	4
19.63183246	19.12211382	93	3
19.68136126	21.34357724	43	4
19.66753927	23.11609756	25	4
20.68921466	22.93544715	25	4
21.2086911	20.96439024	88	3
21.89287958	20.54764228	84	3
21.58303665	19.53349593	53	3
20.51874346	19.15073171	64	4
20.88732984	17.96845528	41	4
19.80921466	17.54634146	37	4
19.74701571	16.24243902	20	4
21.18565445	16.42487805	26	4
22.76827225	15.75772358	46	4
24.19539267	15.77382114	55	4
24.29329843	16.9596748	43	4
26.3147644	16.36406504	69	4
27.25696335	17.51056911	46	3
25.6904712	18.82878049	40	4
24.66994764	19.17577236	35	1
24.69413613	20.3598374	45	4
23.6747644	20.08260163	43	4
23.15298429	19.27056911	40	4
24.27141361	18.60878049	32	4
23.28429319	17.79853659	31	4
21.87675393	22.12699187	78	3
22.99979058	23.18227642	42	3
25.07078534	22.08585366	67	4
26.11664921	21.77284553	52	2
25.9565445	20.19886179	54	3
29.05036649	10.36504065	27	4
30.46942408	9.975121951	11	1
30.42680628	11.6403252	14	1
32.03937173	9.982276423	11	3
29.21162304	11.48829268	49	3
27.71884817	13.15170732	104	3
29.94534031	12.57756098	51	3
31.30335079	13.89934959	17	3
30.43602094	15.45186992	8	4
30.03172775	15.75235772	38	3
28.37078534	16.85235772	76	3
28.45256545	17.03121951	62	3
29.32680628	17.58926829	68	3
28.58041885	19.31528455	46	4
30.04670157	19.84292683	53	3
29.96492147	21.60292683	57	3
31.90575916	20.76406504	165	3
31.90115183	20.78552846	169	3
31.49801047	23.84406504	100	3
30.62837696	24.53089431	126	3
32.04743455	26.35886179	189	3
31.36670157	25.90276423	150	3
28.31204188	23.82260163	107	3
27.82020942	22.26829268	71	3
26.45183246	24.20894309	78	3
26.72020942	24.18747967	62	4
28.43298429	25.53788618	98	3
33.00460733	15.65934959	23	3
27.64743455	27.34081301	90	3
24.97633508	23.43268293	114	3
25.5626178	21.79430894	79	3
19.6721466	10.54211382	81	3
17.57120419	9.139837398	110	3
17.28554974	9.9	70	3
4.052146597	4.598536585	59	5
3.995706806	4.128130081	52	5
4.333193717	3.881300813	30	5
4.523246073	3.77398374	27	5
4.783560209	4.11203252	73	5
3.763036649	1.418373984	0	5
5.395183246	2.439674797	37	5
6.329319372	2.155284553	9	5
6.523979058	2.956585366	13	5
6.382303665	3.743577236	26	5
6.278638743	4.931219512	92	5
4.630366492	5.34796748	27	4
4.637277487	6.998861789	13	4
5.875497382	7.297560976	13	1
6.263664921	7.143739837	10	2
6.199162304	5.387317073	50	1
6.120837696	3.684552846	40	4
6.338534031	2.015772358	6	1
6.491727749	0.237886179	17	1
7.607853403	0.668943089	6	1
8.169947644	2.470081301	45	4
8.178010471	4.380325203	89	4
7.875078534	6.242276423	28	4
9.106387435	7.115121951	22	4
9.266492147	5.458861789	39	4
9.668481675	3.639837398	27	4
9.678848168	1.922764228	6	4
9.30565445	0	16	4
11.13015707	2.303739837	3	4
10.90670157	4.088780488	15	4
10.57151832	5.900650407	42	4
10.47591623	7.109756098	26	4
11.77748691	6.834308943	19	4
11.76020942	4.988455285	19	4
11.90994764	3.155121951	7	4
13.31172775	2.827804878	7	4
13.14816754	4.623577236	12	4
13.41769634	6.28699187	27	1
14.66743455	7.181300813	43	2
14.62366492	5.408780488	27	4
14.28272251	3.684552846	13	4
14.50272251	1.901300813	18	1
15.85497382	2.42	15	4
15.77319372	4.215772358	33	4
15.95863874	5.982926829	79	1
17.11853403	4.514471545	28	1
17.15769634	2.867154472	4	2
17.72324607	1.303902439	8	1
18.2104712	4.126341463	8	1
18.46617801	5.47495935	35	4
18.20010471	7.093658537	115	3
17.37769634	6.281626016	69	5
19.43371728	5.004552846	10	4
20.42659686	6.490894309	14	4
19.37727749	7.524715447	67	5
19.59036649	8.540650407	82	3
19.81497382	11.12162602	40	1
19.58691099	12.8995122	33	4
19.52010471	13.39138211	41	2
18.77602094	14.84373984	24	1
20.62240838	14.82227642	25	1
21.08198953	13.20894309	39	5
21.23748691	11.69577236	22	4
21.37340314	9.994796748	15	5
21.83183246	8.717723577	4	4
20.74680628	7.89495935	20	4
21.96774869	15.23723577	36	4
23.36146597	15.36422764	57	4
24.73560209	15.27479675	85	3
24.70680628	13.51300813	58	4
23.33727749	13.56845528	29	3
22.54020942	13.14276423	70	3
22.3582199	12.40227642	28	3
22.46188482	10.89447154	9	4
23.70701571	11.71186992	13	5
22.93183246	9.479674797	3	4
24.20921466	10.3095935	9	4
25.54303665	9.823089431	25	4
26.90565445	9.524390244	28	3
26.76628272	11.6295935	169	3
26.05905759	8.617560976	27	3
24.9982199	11.78878049	65	3
5.766073298	15.82211382	6	2
6.60460733	17.27626016	3	4
7.365968586	18.67853659	4	2
8.529319372	19.64081301	6	2
9.728376963	20.03252033	4	2
8.767748691	21.35252033	2	2
9.113298429	22.96585366	1	4
10.2121466	23.50780488	3	2
10.70743455	23.43447154	9	4
10.91361257	21.46341463	9	2
10.61068063	20.2203252	5	2
9.939162304	21.61723577	1	2
8.956649215	18.98260163	9	2
9.931099476	19.02731707	4	4
10.63947644	17.65723577	28	4
9.568272251	17.39609756	14	4
8.184921466	16.93284553	44	2
7.398219895	15.79528455	40	2
8.590366492	15.95447154	36	2
10.25591623	15.86146341	24	4
12.14837696	17.15463415	32	4
11.97675393	18.5300813	0	4
11.97329843	20.03788618	8	1
13.27947644	20.10943089	16	4
13.31863874	18.41918699	12	4
13.41424084	16.77902439	14	2
14.56031414	17.09918699	11	2
16.12565445	16.04390244	14	2
16.36408377	17.8504065	14	2
16.20052356	19.65154472	25	4
14.66743455	18.50146341	32	3
14.65937173	13.75626016	32	4
16.32492147	21.35788618	14	5
17.81539267	21.60650407	23	1
17.43874346	19.85544715	30	2
17.50554974	18.06504065	28	4
17.56314136	16.28715447	16	4
18.92230366	16.22097561	20	1
18.76219895	18.01495935	43	1
18.73685864	19.77853659	60	4
18.93612565	21.58504065	47	4
18.93612565	23.66699187	24	2
17.75204188	23.2198374	21	4
16.43549738	23.03203252	27	4
15.29287958	23.61691057	19	4
15.17539267	21.88910569	31	4
13.9982199	22.06439024	16	1
13.77361257	23.81186992	13	1
12.43979058	23.75642276	9	1
11.54366492	21.82829268	5	2
10.75005236	26.16926829	4	2
10.68554974	28.88260163	18	1
12.8095288	29.39056911	23	1
12.50429319	26.34097561	41	2
14.56376963	26.72731707	43	2
14.54188482	29.08113821	66	1
10.40795812	31.36878049	3	2
12.20827225	32.15934959	11	2
14.54994764	32.10390244	33	4
16.5921466	32.25235772	152	3
16.21089005	29.54081301	124	3
16.42743455	27.06	66	3
16.84439791	25.04780488	25	4
19.15382199	25.90097561	41	4
21.27434555	25.77577236	59	4
23.7173822	24.23398374	42	3
24.16890052	28.37105691	93	3
23.24052356	31.55479675	276	3
21.93204188	28.20471545	90	4
21.7765445	29.23674797	173	3
21.27089005	30.40829268	308	3
20.05801047	27.68065041	97	4
18.13905759	28.13138211	56	4
17.87298429	30.46731707	77	5
19.12848168	31.05934959	155	3
18.37403141	32.90520325	103	3
26.03717277	25.57902439	93	3
26.66031414	27.51252033	153	3
25.39329843	31.5404878	171	3
27.39633508	31.55658537	194	3
29.92575916	32.28634146	173	3
31.53717277	32.55642276	136	3
28.82	29.13658537	104	4
26.86649215	29.87170732	105	3
30.92900524	28.82178862	225	3
20.71109948	32.99821138	93	1
16.6808377	22.70113821	20	5
16.49193717	24.2697561	30	5
11.92376963	30.64439024	31	5
10.47591623	29.35837398	29	5
12.10575916	27.39089431	19	5
16.07267016	10.04308943	61	5
11.68188482	2.972682927	8	5
20.46230366	6.369268293	8	5
7.975287958	10.18796748	7	5
5.388272251	6.734146341	40	5
7.120628272	3.586178862	25	5
6.893717277	4.591382114	44	4
8.814973822	3.491382114	48	5
