5.79532 6.70616 6.86023 6.15317 6.28508 8.45549 12.06538 12.25735 11.45632 14.17036 13.56072 12.8746 8.12807 8.44748 9.16479 9.33746 8.62905 7.52989 6.44585 5.52028 4.91621 4.63058 4.60873 14.1243 14.43636 14.72278 14.96203 15.13733 15.24012 15.27129 15.24009 15.16112 15.05091 14.92484 
5.73894 8.22329 8.65916 5.94011 4.34528 8.14389 11.58808 12.33536 13.9228 15.01097 12.77525 13.01065 7.42684 8.722 10.95014 11.72728 10.24295 8.35627 6.94909 5.5848 4.87023 4.55349 4.53436 14.17944 14.56613 14.92331 15.21842 15.42608 15.53417 15.54578 15.47675 15.35029 15.19103 15.02036 
6.66601 10.88621 11.91921 8.50421 8.24006 15.80897 13.66871 16.59153 27.56883 21.7528 12.297 14.21663 6.48427 8.44015 12.83525 14.96691 12.52913 8.50945 6.6213 5.62477 4.9633 4.62085 4.58258 14.22358 14.71262 15.16938 15.54286 15.79327 15.90311 15.88022 15.75227 15.55664 15.33024 15.1025 
5.87019 14.94074 17.85039 12.01905 15.29875 24.99128 25.09087 23.54231 40.2945 35.59047 22.12238 17.15324 7.35568 8.23535 12.12863 16.66825 16.6944 9.08986 7.53295 6.39948 5.57621 5.02324 4.84605 14.24162 14.87424 15.47573 15.96301 16.27101 16.37432 16.29112 16.07065 15.77387 15.45619 15.15712 
6.48463 10.78304 15.44054 20.8761 41.4534 53.07791 45.29318 39.51148 60.0731 48.03145 28.90866 17.33982 12.56989 11.70022 15.14239 23.04657 27.89128 21.8511 12.23008 9.46599 7.28868 6.01121 5.40902 14.20457 15.04324 15.86311 16.5222 16.909 16.98723 16.79835 16.43152 15.98681 15.54682 15.16236 
5.66006 7.36283 9.17291 23.21628 41.04059 47.19684 65.68919 53.54115 57.0954 47.28923 35.48993 27.76628 18.68903 17.16696 22.19016 32.92099 44.0649 40.66126 31.26733 19.31266 11.3253 7.7967 6.2757 14.05621 15.19691 16.361 17.29141 17.78585 17.79772 17.42288 16.82365 16.16374 15.5646 15.08606 
4.56519 5.70221 8.4365 15.65965 24.2172 33.74512 40.66582 39.50366 35.84301 35.89731 35.47532 32.85271 24.27093 25.5444 31.93204 46.23762 74.51051 64.10444 58.67878 42.5449 21.09128 9.61977 7.45276 13.68636 15.27596 17.01076 18.39373 19.02666 18.87907 18.17877 17.21258 16.24362 15.44841 14.88425 
3.58112 4.07759 4.5594 6.12672 13.07201 21.13068 19.48512 23.00073 25.34083 24.43478 26.77619 27.08044 27.2064 38.75384 45.73093 52.39012 70.47681 81.42412 97.07549 69.15841 36.90753 15.83446 9.02601 12.87863 15.13085 17.86063 20.06102 20.81785 20.30193 19.05646 17.5211 16.11528 15.10453 14.50528 
2.83403 2.96895 3.12181 4.20827 6.4632 8.2571 8.50146 16.24158 21.74799 18.79604 20.25065 22.70573 38.95993 54.34069 63.93039 62.44341 75.16218 88.4913 95.03688 81.28668 52.35257 20.36051 8.95332 11.21486 14.41909 18.85403 22.82504 23.29773 22.04182 20.01652 17.60738 15.58353 14.40539 13.91216 
2.38205 2.4401 2.66382 3.36512 4.50424 5.85973 8.62085 13.13612 14.17928 16.04189 18.67088 20.13352 38.70828 52.65767 65.22708 72.09575 77.97415 88.48465 95.28063 82.56789 59.82729 27.85352 7.78022 7.79936 12.72114 19.25808 25.15844 25.77207 23.77505 21.14345 17.24498 14.33172 13.2382 13.16036 
2.15541 2.18321 2.32692 2.81798 3.66329 4.14242 4.78627 6.50101 8.29978 13.96195 17.09968 18.06026 37.4233 50.28635 66.87184 77.68695 65.50934 65.14511 77.66284 77.34916 59.85724 28.49467 11.54405 7.04967 10.42762 18.17978 23.93182 25.35364 24.46838 23.57085 16.65403 12.87802 11.40103 12.68488 
2.08923 2.10605 2.17475 2.45764 3.39013 3.01406 2.07459 4.05545 7.26787 11.0777 13.94974 15.39286 47.6325 56.32349 64.23417 66.72965 56.9932 55.06351 60.41001 67.59605 46.53275 28.85554 16.03465 9.48668 11.50483 16.24853 20.44984 22.36139 22.84735 22.19756 17.8707 14.52909 13.26679 13.11714 
1.82965 2.05609 2.5102 3.35094 4.51355 5.30375 6.15769 10.24226 17.4563 28.49392 38.61582 47.01066 51.63253 53.78543 52.88369 48.85533 41.06995 39.66749 42.38155 42.33514 37.5477 29.48657 25.84445 31.47474 36.01897 66.97237 104.9673 127.6658 95.55658 63.49979 38.21031 26.74808 28.11425 30.77396 
1.95414 2.26171 2.8538 3.85169 5.3302 7.27959 9.0985 16.18614 20.70726 35.21128 42.48454 47.01463 48.05597 45.3639 40.91515 36.93009 35.02462 32.23646 30.2026 33.68101 35.47581 36.97691 44.10153 44.99746 45.99657 66.9819 90.88391 102.7081 93.15778 66.27394 45.47299 28.97835 25.59615 28.60087 
2.06991 2.40608 3.04893 4.16025 6.05246 9.53842 17.27122 25.29007 31.46939 39.64772 43.04008 45.51523 45.78263 38.56475 30.41085 29.44693 28.74242 26.84556 24.71494 28.90402 32.15305 35.4775 43.29388 46.11328 52.54102 68.3158 81.36067 86.40035 79.15982 60.46556 40.06356 23.66664 22.77671 27.38084 
2.14765 2.44758 3.02964 4.0399 5.76026 8.88415 15.75642 28.05161 36.45887 42.73224 38.27668 41.64911 40.37303 30.72102 23.16431 22.24855 22.70471 21.9629 20.95808 23.63482 25.60936 29.64348 38.19914 51.33185 61.12271 75.4369 75.8766 75.66505 69.33971 54.92587 33.06405 22.4081 24.54265 27.32517 
2.19051 2.40013 2.82883 3.55736 4.68361 6.2293 10.44322 26.82568 36.47352 32.7464 24.6735 30.05508 29.46658 22.37343 17.42099 17.5929 15.92684 18.05222 18.6459 20.79842 23.24207 27.86269 36.05513 47.23803 53.34723 64.4067 68.73512 68.34571 66.04505 56.73437 40.55452 31.56288 33.27518 33.27895 
2.22548 2.3182 2.56214 2.99291 3.65467 4.71666 7.01818 16.24108 34.39682 26.05089 21.73681 25.4857 28.17558 19.01867 14.68123 15.18478 17.04234 19.07568 24.12679 28.79453 30.91704 32.46869 35.90001 40.59082 42.78677 50.50657 56.66863 57.42153 63.66919 62.10329 54.05547 49.13822 49.43963 51.4482 
2.28865 2.26438 2.33918 2.53084 2.8682 3.42554 4.43777 8.733 16.12148 16.12156 16.0496 18.16778 13.95504 14.47418 18.03801 21.37661 18.53886 23.08442 33.4875 44.53808 47.38404 42.21286 40.18467 35.21289 36.1074 41.51449 46.8115 48.90972 54.37236 60.44566 61.40992 63.34926 67.0811 69.12511 
2.41294 2.28684 2.22506 2.24001 2.35648 2.63916 3.26085 4.25977 7.3934 8.74892 5.66827 8.27295 6.36009 12.0309 19.50002 24.32912 23.56203 28.23601 41.30772 61.99173 71.52837 56.6069 48.47757 38.74225 35.92316 38.29642 44.06128 48.40429 50.10865 53.70743 61.9735 76.00236 86.87263 88.04787 
2.62278 2.41549 2.25001 2.13679 2.09709 2.17592 2.45341 3.06615 4.15349 4.54663 4.44428 6.04313 8.14152 13.44262 18.42184 21.78319 23.51907 27.63362 40.91871 59.64127 67.97913 68.12508 64.21493 43.46452 42.62529 45.07346 50.9635 51.24314 51.57566 54.19045 59.7888 91.91956 115.0175 108.0356 
2.93425 2.66689 2.42638 2.22095 2.06532 1.98459 2.01374 2.18023 2.40922 2.53489 3.47175 6.62353 8.58699 12.85525 17.76242 21.7501 20.20761 23.66509 34.01258 47.64416 56.80545 77.06301 75.84602 49.24485 51.26261 55.86006 56.7831 55.28066 56.13479 58.78636 69.08185 102.9636 143.375 118.7515 
3.35702 3.04971 2.75955 2.49246 2.25694 2.06305 1.91617 1.8002 1.66778 1.63994 2.7114 6.06927 7.92019 12.02382 16.48403 25.68892 21.57943 21.27382 26.90692 37.73039 43.6007 58.21681 72.45026 54.39118 58.20884 65.91814 61.37957 59.40948 61.02008 63.61167 70.15494 95.3911 113.0746 111.8394 
6.67537 5.96727 5.27684 4.61516 3.99434 3.42509 2.91149 2.44425 1.99919 1.40946 3.44979 7.01591 8.72077 11.69104 15.90809 20.5427 23.60944 22.77613 23.60464 27.33223 29.92679 38.26063 52.40339 51.94199 70.55858 91.89326 84.83091 80.54445 86.6313 96.19839 102.1679 105.5467 111.7825 121.1409 
7.26983 6.57963 5.90632 5.261 4.65614 4.10445 3.61834 3.2164 2.96376 3.16701 4.6647 8.46366 10.82383 13.93931 17.09993 21.65843 25.72494 26.28562 26.09998 27.66028 32.95461 40.54697 47.50512 57.1361 61.98457 87.94431 82.90094 76.61111 96.08596 104.7372 111.0326 112.7672 118.5977 130.4742 
7.99466 7.33485 6.69413 6.08563 5.52594 5.03551 4.64054 4.38062 4.33801 4.72392 6.11683 10.05762 16.57791 21.95106 25.57883 29.08565 30.91268 28.24588 32.89113 35.71484 41.77103 48.62957 54.31132 71.52815 72.44136 83.47514 86.48696 87.42438 96.32301 108.2881 121.6266 131.845 139.9951 145.7916 
8.8447 8.22571 7.62952 7.07237 6.57674 6.17364 5.90488 5.82327 5.98288 6.39307 6.82715 9.89825 23.92746 32.11835 34.47222 38.90116 42.59915 43.24341 44.07289 44.79939 54.70834 61.58931 66.75222 88.10051 87.52876 92.78052 98.44668 99.95256 101.8825 114.4565 132.3651 148.5524 167.2242 163.5807 
9.81395 9.24392 8.70018 8.20158 7.77621 7.46614 7.33328 7.46244 7.94692 8.83424 10.20829 14.18197 23.09538 34.25556 41.58361 49.93656 58.61167 59.08195 57.19255 64.31713 75.57061 80.80399 82.33721 102.5203 99.007 103.9983 115.5227 115.1905 104.9567 122.4959 144.6313 165.3757 178.8485 174.4065 
10.89634 10.38172 9.89506 9.45584 9.09459 8.86034 8.83358 9.14703 10.0113 11.69774 14.24613 17.56144 22.8152 33.67943 47.44637 61.49934 72.02667 72.21591 62.89421 83.36917 103.1146 108.0221 96.57727 117.7356 104.1735 111.9272 124.1886 123.9096 112.9409 127.7338 157.1134 183.0757 184.9798 178.6421 
12.08642 11.6332 11.20716 10.82543 10.51521 10.32178 10.32488 10.67461 11.67546 13.9776 18.76165 21.19039 24.26856 32.05921 51.96757 72.96024 92.51253 90.51917 88.62531 108.3842 136.4696 156.099 154.348 141.9338 129.232 127.074 125.189 119.3241 117.7552 121.73 164.4165 205.2472 188.3074 179.0556 
13.37938 12.99463 12.63472 12.31177 12.0439 11.85973 11.80775 11.97815 12.56276 14.05101 17.68799 21.792 26.41254 33.68696 52.20965 75.96595 101.5415 99.77496 97.10134 129.5857 170.7679 225.1363 217.9501 176.1264 165.8606 151.4682 137.2679 120.3728 133.6405 142.7129 163.2259 178.6064 178.8793 174.401 
14.77037 14.4634 14.17964 13.92545 13.70793 13.53396 13.40673 13.31409 13.18784 12.74876 11.11933 15.78049 25.34476 33.07305 47.74742 71.1965 97.51781 106.7643 108.9547 145.1766 177.7093 226.6052 235.7138 219.8251 202.2717 175.0968 161.2638 161.2164 161.1787 160.3173 164.5305 167.0625 167.22 167.1457 
16.25318 16.03565 15.84305 15.67785 15.53973 15.4215 15.29949 15.11085 14.69908 13.70478 11.83061 13.94016 16.24189 29.1461 39.95004 63.42391 106.2649 125.6151 119.2948 132.0136 151.2709 177.4242 207.4064 237.8039 219.4131 191.9839 180.4821 182.991 178.5934 171.299 168.321 158.0343 155.2742 160.4551 
17.81886 17.70354 17.62003 17.57043 17.55389 17.56344 17.5805 17.56776 17.47275 17.31393 17.58185 19.41307 24.80497 34.47865 47.5522 69.44912 100.2854 115.9412 110.4924 115.9807 120.4161 127.5212 172.8751 219.3956 213.2261 199.9599 190.5667 186.0893 181.1778 175.0207 168.0603 155.9262 152.0281 158.051 
